    69228397    942333323 
    69208997    942356324 
    69189597    942379124 
    69170297    942402124 
    69150897    942425124 
    69131497    942447924 
    69112197    942470924 
    69092797    942493724 
    69073497    942516724 
    69054097    942539525 
    69034697    942562525 
    69015397    942585525 
    68995997    942608325 
    68976597    942631325 
    68957297    942654125 
    68937897    942677125 
    68918497    942699925 
    68899197    942722925 
    68879797    942745926 
    68860497    942768726 
    68841097    942791726 
    68821697    942814526 
    68802397    942837526 
    68782997    942860326 
    68763597    942883326 
    68744297    942906326 
    68724897    942929127 
    68705496    942952127 
    68686196    942974927 
    68666796    942997927 
    68647496    943020727 
    69251297    942352724 
    69231897    942375724 
    69212597    942398524 
    69193197    942421524 
    69173797    942444324 
    69154497    942467324 
    69135097    942490325 
    69115697    942513125 
    69096397    942536125 
    69076997    942558925 
    69057597    942581925 
    69038297    942604725 
    69018897    942627725 
    68999597    942650725 
    68980196    942673525 
    68960796    942696526 
    68941496    942719326 
    68922096    942742326 
    68902696    942765126 
    68883396    942788126 
    68863996    942811126 
    68844596    942833926 
    68825296    942856926 
    68805896    942879727 
    68786596    942902727 
    68767196    942925527 
    68747796    942948527 
    68728496    942971527 
    68709096    942994327 
    68689696    943017327 
    68670396    943040127 
    68650996    943063127 
    68631596    943085928 
    68612296    943108928 
    68592896    943131928 
    68534796    943200528 
    68515496    943223528 
    68496096    943246328 
    68476696    943269328 
    68457396    943292329 
    69274197    942372124 
    69254796    942395124 
    69235496    942417924 
    69216096    942440925 
    69196696    942463725 
    69177396    942486725 
    69157996    942509525 
    69138596    942532525 
    69119296    942555525 
    69099896    942578325 
    69080596    942601325 
    69061196    942624125 
    69041796    942647126 
    69022496    942669926 
    69003096    942692926 
    68983696    942715926 
    68964396    942738726 
    68944996    942761726 
    68925596    942784526 
    68906296    942807526 
    68886896    942830327 
    68867596    942853327 
    68848196    942876327 
    68828796    942899127 
    68809496    942922127 
    68790096    942944927 
    68770696    942967927 
    68751396    942990727 
    68731996    943013727 
    68712596    943036728 
    68693296    943059528 
    68673896    943082528 
    68654596    943105328 
    68635196    943128328 
    68615796    943151128 
    68596496    943174128 
    68577096    943197128 
    68557695    943219929 
    68538395    943242929 
    68518995    943265729 
    68499595    943288729 
    68480295    943311529 
    68460895    943334529 
    69297096    942391525 
    69277696    942414325 
    69258396    942437325 
    69238996    942460325 
    69219696    942483125 
    69200296    942506125 
    69180896    942528925 
    69161596    942551925 
    69142196    942574725 
    69122796    942597726 
    69103496    942620726 
    69084096    942643526 
    69064696    942666526 
    69045396    942689326 
    69025996    942712326 
    69006696    942735126 
    68987296    942758126 
    68967896    942781127 
    68948596    942803927 
    68929196    942826927 
    68909796    942849727 
    68890496    942872727 
    68871096    942895527 
    68851696    942918527 
    68832396    942941527 
    68812995    942964327 
    68793695    942987328 
    68774295    943010128 
    68754895    943033128 
    68735595    943055928 
    68716195    943078928 
    68696795    943101928 
    68677495    943124728 
    68658095    943147728 
    68638695    943170529 
    68619395    943193529 
    68599995    943216329 
    68580595    943239329 
    68561295    943262329 
    68541895    943285129 
    68522595    943308129 
    68503195    943330929 
    68483795    943353929 
    68464495    943376730 
    68445095    943399730 
    69319996    942410925 
    69300696    942433725 
    69281296    942456725 
    69261896    942479525 
    69242596    942502525 
    69223196    942525325 
    69203796    942548326 
    69184496    942571326 
    69165096    942594126 
    69145696    942617126 
    69126396    942639926 
    69106996    942662926 
    69087695    942685726 
    69068295    942708726 
    69048895    942731727 
    69029595    942754527 
    69010195    942777527 
    68990795    942800327 
    68971495    942823327 
    68952095    942846127 
    68932695    942869127 
    68913395    942892127 
    68893995    942914927 
    68874695    942937928 
    68855295    942960728 
    68835895    942983728 
    68816595    943006528 
    68797195    943029528 
    68777795    943052528 
    68758495    943075328 
    68739095    943098328 
    68719695    943121129 
    68700395    943144129 
    68680995    943166929 
    68661695    943189929 
    68642295    943212929 
    68622895    943235729 
    68603595    943258729 
    68584195    943281529 
    68564795    943304529 
    68545495    943327330 
    68526095    943350330 
    68506695    943373330 
    68487395    943396130 
    68467995    943419130 
    68448695    943441930 
    69342895    942430125 
    69323595    942453125 
    69304195    942476125 
    69284795    942498926 
    69265495    942521926 
    69246095    942544726 
    69226795    942567726 
    69207395    942590526 
    69187995    942613526 
    69168695    942636526 
    69149295    942659326 
    69129895    942682327 
    69110595    942705127 
    69091195    942728127 
    69071795    942750927 
    69052495    942773927 
    69033095    942796927 
    69013795    942819727 
    68994395    942842727 
    68974995    942865527 
    68955695    942888528 
    68936295    942911328 
    68916895    942934328 
    68897595    942957328 
    68878195    942980128 
    68858795    943003128 
    68839495    943025928 
    68820095    943048928 
    68800795    943071729 
    68781395    943094729 
    68761995    943117729 
    68742695    943140529 
    68723295    943163529 
    68703895    943186329 
    68684595    943209329 
    68665194    943232129 
    68645794    943255129 
    68626494    943278130 
    68607094    943300930 
    68587694    943323930 
    68568394    943346730 
    68548994    943369730 
    68529694    943392530 
    68510294    943415530 
    68490894    943438530 
    68471594    943461331 
    68452194    943484331 
    69365895    942449526 
    69346495    942472526 
    69327095    942495326 
    69307795    942518326 
    69288395    942541326 
    69268995    942564126 
    69249695    942587126 
    69230295    942609926 
    69210895    942632927 
    69191595    942655727 
    69172195    942678727 
    69152795    942701727 
    69133495    942724527 
    69114095    942747527 
    69094795    942770327 
    69075395    942793327 
    69055995    942816127 
    69036695    942839128 
    69017295    942862128 
    68997895    942884928 
    68978595    942907928 
    68959195    942930728 
    68939794    942953728 
    68920494    942976528 
    68901094    942999528 
    68881794    943022529 
    68862394    943045329 
    68842994    943068329 
    68823694    943091129 
    68804294    943114129 
    68784894    943136929 
    68765594    943159929 
    68746194    943182929 
    68726794    943205729 
    68707494    943228730 
    68688094    943251530 
    68668794    943274530 
    68649394    943297330 
    68629994    943320330 
    68610694    943343330 
    68591294    943366130 
    68571894    943389130 
    68552594    943411931 
    68533194    943434931 
    68513794    943457731 
    68494494    943480731 
    68475094    943503731 
    68455794    943526531 
    69388795    942468926 
    69369395    942491926 
    69349995    942514726 
    69330695    942537726 
    69311295    942560526 
    69291895    942583527 
    69272595    942606527 
    69253195    942629327 
    69233894    942652327 
    69214494    942675127 
    69195094    942698127 
    69175794    942720927 
    69156394    942743927 
    69136994    942766927 
    69117694    942789728 
    69098294    942812728 
    69078894    942835528 
    69059594    942858528 
    69040194    942881328 
    69020894    942904328 
    69001494    942927328 
    68982094    942950128 
    68962794    942973129 
    68943394    942995929 
    68923994    943018929 
    68904694    943041729 
    68885294    943064729 
    68865894    943087729 
    68846594    943110529 
    68827194    943133529 
    68807894    943156329 
    68788494    943179330 
    68769094    943202130 
    68749794    943225130 
    68730394    943248130 
    68710994    943270930 
    68691694    943293930 
    68672294    943316730 
    68652894    943339730 
    68633594    943362531 
    68614194    943385531 
    68594794    943408531 
    68575494    943431331 
    68556094    943454331 
    68536794    943477131 
    68517394    943500131 
    68497993    943522931 
    68478693    943545931 
    68459293    943568932 
    69411694    942488326 
    69392294    942511126 
    69372994    942534127 
    69353594    942557127 
    69334194    942579927 
    69314894    942602927 
    69295494    942625727 
    69276094    942648727 
    69256794    942671527 
    69237394    942694527 
    69217994    942717527 
    69198694    942740328 
    69179294    942763328 
    69159894    942786128 
    69140594    942809128 
    69121194    942831928 
    69101894    942854928 
    69082494    942877928 
    69063094    942900728 
    69043794    942923729 
    69024394    942946529 
    69004994    942969529 
    68985694    942992329 
    68966294    943015329 
    68946894    943038329 
    68927594    943061129 
    68908194    943084129 
    68888894    943106929 
    68869494    943129930 
    68850094    943152730 
    68830794    943175730 
    68811394    943198730 
    68791994    943221530 
    68772693    943244530 
    68753293    943267330 
    68733893    943290330 
    68714593    943313131 
    68695193    943336131 
    68675893    943359131 
    68656493    943381931 
    68637093    943404931 
    68617793    943427731 
    68598393    943450731 
    68578993    943473531 
    68559693    943496532 
    68540293    943519532 
    68520893    943542332 
    68501593    943565332 
    68482193    943588132 
    69434594    942507727 
    69415194    942530527 
    69395894    942553527 
    69376494    942576327 
    69357094    942599327 
    69337794    942622327 
    69318394    942645127 
    69298994    942668127 
    69279694    942690928 
    69260294    942713928 
    69240994    942736728 
    69221594    942759728 
    69202194    942782728 
    69182894    942805528 
    69163494    942828528 
    69144094    942851328 
    69124794    942874329 
    69105394    942897129 
    69085994    942920129 
    69066693    942943129 
    69047293    942965929 
    69027993    942988929 
    69008593    943011729 
    68989193    943034729 
    68969893    943057530 
    68950493    943080530 
    68931093    943103530 
    68911793    943126330 
    68892393    943149330 
    68872993    943172130 
    68853693    943195130 
    68834293    943217930 
    68814993    943240930 
    68795593    943263931 
    68776193    943286731 
    68756893    943309731 
    68737493    943332531 
    68718093    943355531 
    68698793    943378331 
    68679393    943401331 
    68659993    943424331 
    68640693    943447132 
    68621293    943470132 
    68601893    943492932 
    68582593    943515932 
    68563193    943538732 
    68543893    943561732 
    68524493    943584732 
    69457494    942527127 
    69438094    942549927 
    69418794    942572927 
    69399394    942595727 
    69380094    942618727 
    69360693    942641528 
    69341293    942664528 
    69321993    942687528 
    69302593    942710328 
    69283193    942733328 
    69263893    942756128 
    69244493    942779128 
    69225093    942801928 
    69205793    942824929 
    69186393    942847929 
    69166993    942870729 
    69147693    942893729 
    69128293    942916529 
    69108993    942939529 
    69089593    942962329 
    69070193    942985329 
    69050893    943008330 
    69031493    943031130 
    69012093    943054130 
    68992793    943076930 
    68973393    943099930 
    68953993    943122730 
    68934693    943145730 
    68915293    943168730 
    68895993    943191530 
    68876593    943214531 
    68857193    943237331 
    68837893    943260331 
    68818493    943283131 
    68799093    943306131 
    68779793    943329131 
    68760393    943351931 
    68740993    943374931 
    68721693    943397732 
    68702293    943420732 
    68682993    943443532 
    68663593    943466532 
    68644193    943489532 
    68624892    943512332 
    68605492    943535332 
    68586092    943558132 
    68566792    943581132 
    68547392    943603933 
    69480393    942546327 
    69461093    942569327 
    69441693    942592328 
    69422293    942615128 
    69402993    942638128 
    69383593    942660928 
    69364193    942683928 
    69344893    942706728 
    69325493    942729728 
    69306093    942752728 
    69286793    942775529 
    69267393    942798529 
    69248093    942821329 
    69228693    942844329 
    69209293    942867129 
    69189993    942890129 
    69170593    942913129 
    69151193    942935929 
    69131893    942958930 
    69112493    942981730 
    69093093    943004730 
    69073793    943027530 
    69054393    943050530 
    69035093    943073530 
    69015693    943096330 
    68996293    943119330 
    68976993    943142130 
    68957593    943165131 
    68938193    943187931 
    68918893    943210931 
    68899492    943233931 
    68880092    943256731 
    68860792    943279731 
    68841392    943302531 
    68822092    943325531 
    68802692    943348332 
    68783292    943371332 
    68763992    943394332 
    68744592    943417132 
    68725192    943440132 
    68705892    943462932 
    68686492    943485932 
    68667092    943508732 
    68647792    943531732 
    68628392    943554733 
    68608992    943577533 
    68589692    943600533 
    69503293    942565728 
    69483993    942588728 
    69464593    942611528 
    69445193    942634528 
    69425893    942657528 
    69406493    942680328 
    69387193    942703328 
    69367793    942726129 
    69348393    942749129 
    69329093    942771929 
    69309693    942794929 
    69290293    942817929 
    69270993    942840729 
    69251593    942863729 
    69232193    942886529 
    69212893    942909529 
    69193492    942932330 
    69174092    942955330 
    69154792    942978330 
    69135392    943001130 
    69116092    943024130 
    69096692    943046930 
    69077292    943069930 
    69057992    943092730 
    69038592    943115731 
    69019192    943138731 
    68999892    943161531 
    68980492    943184531 
    68961092    943207331 
    68941792    943230331 
    68922392    943253131 
    68903092    943276131 
    68883692    943299132 
    68864292    943321932 
    68844992    943344932 
    68825592    943367732 
    68806192    943390732 
    68786892    943413532 
    68767492    943436532 
    68748092    943459532 
    68728792    943482332 
    68709392    943505333 
    68690092    943528133 
    68670692    943551133 
    68651292    943573933 
    68631992    943596933 
    69526193    942585128 
    69506892    942608128 
    69487492    942630928 
    69468192    942653928 
    69448792    942676729 
    69429392    942699729 
    69410092    942722529 
    69390692    942745529 
    69371292    942768529 
    69351992    942791329 
    69332592    942814329 
    69313192    942837129 
    69293892    942860129 
    69274492    942882930 
    69255192    942905930 
    69235792    942928930 
    69216392    942951730 
    69197092    942974730 
    69177692    942997530 
    69158292    943020530 
    69138992    943043330 
    69119592    943066331 
    69100192    943089331 
    69080892    943112131 
    69061492    943135131 
    69042192    943157931 
    69022792    943180931 
    69003392    943203731 
    68984092    943226731 
    68964692    943249732 
    68945292    943272532 
    68925992    943295532 
    68906592    943318332 
    68887192    943341332 
    68867892    943364132 
    68848492    943387132 
    68829192    943410132 
    68809792    943432932 
    68790392    943455933 
    68771092    943478733 
    68751692    943501733 
    68732291    943524533 
    68712991    943547533 
    68693591    943570533 
    69529792    942627329 
    69510392    942650329 
    69491092    942673329 
    69471692    942696129 
    69452292    942719129 
    69432992    942741929 
    69413592    942764929 
    69394292    942787729 
    69374892    942810729 
    69355492    942833730 
    69336192    942856530 
    69316792    942879530 
    69297392    942902330 
    69278092    942925330 
    69258692    942948130 
    69239292    942971130 
    69219992    942994130 
    69200592    943016931 
    69181192    943039931 
    69161892    943062731 
    69026291    943223132 
    69006991    943246132 
    68987591    943268932 
    68968191    943291932 
    68948891    943314932 
    68929491    943337732 
    68910191    943360732 
    68890791    943383532 
    68871391    943406533 
    68852091    943429333 
    68832691    943452333 
    68813291    943475333 
    68793991    943498133 
    68774591    943521133 
    68755191    943543933 
    68735891    943566933 
    69572092    942623929 
    69552692    942646729 
    69533292    942669729 
    69513992    942692529 
    69494592    942715529 
    69475292    942738529 
    69455892    942761329 
    69436492    942784330 
    69417192    942807130 
    69397792    942830130 
    69378392    942852930 
    69359092    942875930 
    69339691    942898930 
    69320291    942921730 
    69300991    942944730 
    69281591    942967531 
    69262291    942990531 
    69242891    943013331 
    69223491    943036331 
    69204191    943059331 
    69184791    943082131 
    69049291    943242532 
    69029891    943265532 
    69010491    943288332 
    68991191    943311332 
    68971791    943334132 
    68952391    943357133 
    68933091    943380133 
    68913691    943402933 
    68894291    943425933 
    68874991    943448733 
    68855591    943471733 
    68836291    943494533 
    68816891    943517533 
    68797491    943540534 
    69594991    942643329 
    69575591    942666129 
    69556291    942689129 
    69536891    942711929 
    69517491    942734930 
    69498191    942757730 
    69478791    942780730 
    69459391    942803730 
    69440091    942826530 
    69420691    942849530 
    69401391    942872330 
    69381991    942895330 
    69362591    942918131 
    69343291    942941131 
    69323891    942964131 
    69304491    942986931 
    69285191    943009931 
    69265791    943032731 
    69246391    943055731 
    69227091    943078531 
    69207691    943101532 
    69072191    943261932 
    69052791    943284932 
    69033391    943307733 
    69014091    943330733 
    68994691    943353533 
    68975291    943376533 
    68955991    943399333 
    68936591    943422333 
    68917291    943445333 
    68897891    943468133 
    68878491    943491134 
    68859190    943513934 
    68839790    943536934 
    69617891    942662529 
    69598491    942685530 
    69579191    942708330 
    69559791    942731330 
    69540391    942754330 
    69521091    942777130 
    69501691    942800130 
    69482391    942822930 
    69462991    942845930 
    69443591    942868731 
    69424291    942891731 
    69404891    942914731 
    69385491    942937531 
    69366191    942960531 
    69346791    942983331 
    69327391    943006331 
    69308091    943029131 
    69288691    943052132 
    69269391    943075132 
    69249991    943097932 
    69230591    943120932 
    69095090    943281333 
    69075690    943304133 
    69056390    943327133 
    69036990    943349933 
    69017590    943372933 
    68998290    943395933 
    68978890    943418733 
    68959490    943441734 
    68940190    943464534 
    68920790    943487534 
    68901390    943510334 
    69640791    942681930 
    69621491    942704930 
    69602091    942727730 
    69582691    942750730 
    69563391    942773530 
    69543991    942796530 
    69524591    942819531 
    69505291    942842331 
    69485891    942865331 
    69466490    942888131 
    69447190    942911131 
    69427790    942933931 
    69408490    942956931 
    69389090    942979931 
    69369690    943002732 
    69350390    943025732 
    69330990    943048532 
    69311590    943071532 
    69292290    943094332 
    69272890    943117332 
    69253490    943140332 
    69117990    943300733 
    69098590    943323533 
    69079290    943346533 
    69059890    943369333 
    69040490    943392334 
    69021190    943415134 
    69001790    943438134 
    68982390    943461134 
    68963090    943483934 
    68943690    943506934 
    69663690    942701330 
    69644390    942724330 
    69624990    942747130 
    69605590    942770131 
    69586290    942792931 
    69566890    942815931 
    69547490    942838731 
    69528190    942861731 
    69508790    942884731 
    69489490    942907531 
    69470090    942930531 
    69450690    942953332 
    69431390    942976332 
    69411990    942999132 
    69392590    943022132 
    69373290    943045132 
    69353890    943067932 
    69334490    943090932 
    69315190    943113732 
    69295790    943136732 
    69276490    943159533 
    69257090    943182533 
    69237690    943205533 
    69218390    943228333 
    69198990    943251333 
    69179590    943274133 
    69160290    943297133 
    69140890    943319933 
    69121490    943342934 
    69102190    943365934 
    69082790    943388734 
    69063490    943411734 
    69044090    943434534 
    69024690    943457534 
    69005390    943480334 
    69686590    942720731 
    69667290    942743531 
    69647890    942766531 
    69628590    942789531 
    69609190    942812331 
    69589790    942835331 
    69570490    942858131 
    69551090    942881131 
    69531690    942903931 
    69512390    942926932 
    69492990    942949932 
    69473590    942972732 
    69454290    942995732 
    69434890    943018532 
    69415590    943041532 
    69396190    943064332 
    69376790    943087332 
    69357490    943110333 
    69338090    943133133 
    69318690    943156133 
    69299389    943178933 
    69279989    943201933 
    69260589    943224733 
    69241289    943247733 
    69221889    943270733 
    69202589    943293534 
    69183189    943316534 
    69163789    943339334 
    69144489    943362334 
    69125089    943385134 
    69105689    943408134 
    69086389    943431134 
    69066989    943453934 
    69047589    943476935 
    69709590    942740131 
    69690190    942762931 
    69670790    942785931 
    69651490    942808731 
    69632089    942831731 
    69612689    942854731 
    69593389    942877532 
    69573989    942900532 
    69554589    942923332 
    69535289    942946332 
    69515889    942969132 
    69496589    942992132 
    69477189    943015132 
    69457789    943037932 
    69438489    943060933 
    69419089    943083733 
    69399689    943106733 
    69380389    943129533 
    69360989    943152533 
    69341589    943175533 
    69322289    943198333 
    69302889    943221333 
    69283589    943244134 
    69264189    943267134 
    69244789    943289934 
    69225489    943312934 
    69206089    943335934 
    69186689    943358734 
    69167389    943381734 
    69147989    943404534 
    69128589    943427535 
    69109289    943450335 
    69732489    942759331 
    69713089    942782331 
    69693689    942805331 
    69674389    942828132 
    69654989    942851132 
    69635689    942873932 
    69616289    942896932 
    69596889    942919732 
    69577589    942942732 
    69558189    942965732 
    69538789    942988532 
    69519489    943011533 
    69500089    943034333 
    69480689    943057333 
    69461389    943080133 
    69441989    943103133 
    69422689    943126133 
    69403289    943148933 
    69383889    943171933 
    69364589    943194734 
    69345189    943217734 
    69325789    943240534 
    69306489    943263534 
    69287089    943286534 
    69267689    943309334 
    69248389    943332334 
    69228989    943355134 
    69209689    943378135 
    69190289    943400935 
    69170889    943423935 
    69151589    943446935 
    69755389    942778732 
    69735989    942801732 
    69716689    942824532 
    69697289    942847532 
    69677889    942870532 
    69658589    942893332 
    69639189    942916332 
    69619789    942939132 
    69600489    942962133 
    69581089    942984933 
    69561689    943007933 
    69542389    943030933 
    69522989    943053733 
    69503689    943076733 
    69484289    943099533 
    69464889    943122533 
    69445588    943145334 
    69426188    943168334 
    69406788    943191334 
    69387488    943214134 
    69368088    943237134 
    69348688    943259934 
    69329388    943282934 
    69309988    943305734 
    69290688    943328735 
    69271288    943351735 
    69251888    943374535 
    69232588    943397535 
    69213188    943420335 
    69778288    942798132 
    69758888    942821132 
    69739588    942843932 
    69720188    942866932 
    69700788    942889732 
    69681488    942912733 
    69662088    942935733 
    69642788    942958533 
    69623388    942981533 
    69603988    943004333 
    69584688    943027333 
    69565288    943050133 
    69545888    943073133 
    69526588    943096134 
    69507188    943118934 
    69487788    943141934 
    69468488    943164734 
    69449088    943187734 
    69429788    943210534 
    69410388    943233534 
    69390988    943256534 
    69371688    943279335 
    69352288    943302335 
    69332888    943325135 
    69313588    943348135 
    69294188    943370935 
    69274788    943393935 
    69255488    943416935 
    69801188    942817532 
    69781888    942840532 
    69762488    942863333 
    69743088    942886333 
    69723788    942909133 
    69704388    942932133 
    69684988    942954933 
    69665688    942977933 
    69646288    943000933 
    69626888    943023733 
    69607588    943046734 
    69588188    943069534 
    69568788    943092534 
    69549488    943115334 
    69530088    943138334 
    69510788    943161334 
    69491388    943184134 
    69471988    943207134 
    69452688    943229934 
    69433288    943252935 
    69413888    943275735 
    69394588    943298735 
    69375188    943321735 
    69355788    943344535 
    69336488    943367535 
    69317088    943390335 
    69297788    943413335 
    69533687    943180534 
    69514287    943203535 
    69494887    943226335 
    69475587    943249335 
    69456187    943272335 
    69436887    943295135 
    69417487    943318135 
    69398087    943340935 
    69378787    943363935 
    69359387    943386736 
    69339987    943409736 
    69320687    943432736 
    69301287    943455536 
    69575887    943177135 
    69556587    943199935 
    69537187    943222935 
    69517887    943245735 
    69498487    943268735 
    69479087    943291535 
    69459787    943314535 
    69440387    943337536 
    69420987    943360336 
    69401687    943383336 
    69382287    943406136 
    69362887    943429136 
    69343587    943451936 
    69598887    943196335 
    69579487    943219335 
    69560087    943242335 
    69540787    943265135 
    69521387    943288136 
    69501987    943310936 
    69482687    943333936 
    69463287    943356736 
    69443987    943379736 
    69424587    943402736 
    69405186    943425536 
    69385886    943448536 
    69366486    943471337 
    69347086    943494337 
    69621786    943215735 
    69602386    943238736 
    69582986    943261536 
    69563686    943284536 
    69544286    943307536 
    69524986    943330336 
    69505586    943353336 
    69486186    943376136 
    69466886    943399136 
    69447486    943421937 
    69428086    943444937 
    69408786    943467937 
    69389386    943490737 
    69369986    943513737 
    69644686    943235136 
    69625286    943258136 
    69605986    943280936 
    69586586    943303936 
    69567186    943326736 
    69547886    943349736 
    69528486    943372737 
    69509086    943395537 
    69489786    943418537 
    69470386    943441337 
    69451086    943464337 
    69431686    943487137 
    69412286    943510137 
    69392986    943533137 
    69373586    943555938 
    69648186    943277336 
    69628886    943300336 
    69609486    943323337 
    69590086    943346137 
    69570786    943369137 
    69551385    943391937 
    69532085    943414937 
    69512685    943437737 
    69493285    943460737 
    69473985    943483737 
    69454585    943506538 
    69435185    943529538 
    69415885    943552338 
    69396485    943575338 
    69377085    943598138 
    69357785    943621138 
    69338385    943644138 
